device = 0
sampling_rate = 2.024e+06
port = 0.0.0.0:5555
station = TTS19RX1
latlon = 50.1037
latlon = 14.6763
alt = 0
freq = 434.690002
dec = 6
ppm = 0
gain = 5
biast = 0
print = 1
rtty = 300
rtty = 7
rtty = 2
afc = 0
usb_pack = 0
dc_remove = 0
lowpass = 1500
lp_trans = 0.0250000004
sentence_cmd = 
payload = 
no_exit = 0
nmea = 0
